Starting test:
Rolling a d4 - 2
Rolling a d8 - 4
Rolling a d20 - 15
**********
Roll 4 8 or 20 sided dice? -1 to quit > 3
Roll 4 8 or 20 sided dice? -1 to quit > 3
Roll 4 8 or 20 sided dice? -1 to quit > 4
How many to roll? 0
Must roll at least one die, setting die count to 1.
The rolls are: 1
Roll 4 8 or 20 sided dice? -1 to quit > 4
How many to roll? 20
The rolls are: 2 1 3 3 3 1 2 2 2 4 2 4 4 3 4 1 4 1 3 2
Roll 4 8 or 20 sided dice? -1 to quit > 8
How many to roll? 20
The rolls are: 5 7 6 5 7 8 8 7 4 3 6 1 4 4 4 7 8 4 3 6
Roll 4 8 or 20 sided dice? -1 to quit > 20
How many to roll? 500
The rolls are: 14 5 2 12 14 9 8 5 3 18 18 20 4 2 10 19 17 16 11 3 9 7 1 3 5 9 7 6 11 10 11 11 7 2 14 9 10 4 5 15 17 1 7 17 12 9 5 20 7 4 18 19 19 3 10 2 14 16 20 19 5 11 18 7 14 7 2 6 5 13 11 10 18 14 18 13 7 11 2 17 16 8 16 15 12 13 11 11 2 5 7 11 8 12 8 18 18 8 14 4 6 10 10 19 2 9 3 7 7 11 14 9 1 12 3 16 11 20 5 18 9 4 16 2 3 11 12 17 15 1 17 2 9 20 9 5 2 15 14 20 19 19 1 9 8 8 9 14 9 4 8 2 11 18 14 15 10 17 16 12 1 10 20 17 19 4 5 9 5 10 10 3 16 6 14 4 4 8 15 4 9 1 19 19 1 17 19 2 10 19 10 18 13 3 19 13 19 20 11 18 19 12 16 9 17 12 3 15 13 16 9 7 3 7 16 14 10 3 5 17 2 19 3 12 2 20 18 17 13 10 16 13 1 11 4 10 2 9 2 10 16 4 3 6 3 6 9 7 18 18 13 13 10 15 2 10 17 10 9 13 6 16 15 10 2 13 6 1 19 14 20 4 20 17 8 10 10 18 7 10 14 16 18 17 7 6 9 3 16 15 15 2 17 12 7 4 14 16 6 14 13 9 13 6 14 17 2 19 7 3 2 5 17 3 10 2 16 11 14 7 5 20 13 20 14 5 15 11 6 10 7 14 15 3 9 19 8 6 19 12 3 6 18 15 15 5 15 15 13 20 14 11 8 18 19 18 14 11 4 9 13 6 3 1 14 8 3 20 8 6 4 5 4 13 2 2 4 13 6 14 6 12 13 3 3 7 5 1 8 1 14 15 11 11 16 14 12 1 17 8 6 11 1 15 16 5 20 6 17 15 19 3 12 7 19 14 12 5 19 5 20 13 1 8 1 7 11 18 11 16 17 8 4 19 5 10 3 7 6 8 18 15 6 8 10 9 4 1 3 3 4 17 18 2 16 6 5 1 3 17 11 7 12 12 12 8 14 1 11 5 9 4 1 12 3 10 1 14 19 19 6 8 18 1 19 20 4 1 18 5 18 9 14 8 2 11 1 9 14 5
Roll 4 8 or 20 sided dice? -1 to quit > 4
How many to roll? 500
The rolls are: 2 1 4 1 4 1 1 3 4 2 1 1 3 2 3 2 2 4 2 2 1 3 2 1 2 1 2 2 4 2 2 2 4 1 1 4 2 3 1 3 3 1 2 2 1 4 4 4 4 4 4 1 4 3 4 3 3 4 2 4 4 2 2 3 3 3 2 4 3 3 4 2 2 3 2 3 1 2 1 2 3 1 2 1 2 2 4 4 3 3 4 2 1 3 1 4 1 2 1 2 4 1 3 3 2 1 1 4 2 4 1 1 2 3 2 2 3 2 2 3 4 1 1 3 4 4 1 2 1 2 4 2 4 1 1 2 2 1 2 4 4 2 2 1 2 3 2 2 4 4 2 1 1 2 1 4 3 1 4 1 4 3 3 3 4 4 1 4 2 4 3 4 3 4 2 1 1 3 4 2 4 1 3 1 3 2 4 4 4 3 3 4 1 1 4 1 2 4 2 1 3 3 2 3 4 2 2 1 2 1 2 1 3 3 2 4 1 1 1 4 3 4 2 4 4 4 1 2 4 2 1 4 4 1 4 2 2 4 2 2 1 3 1 1 2 3 3 1 3 3 2 4 3 1 1 4 1 4 4 3 2 3 2 2 1 1 4 4 2 3 1 4 3 3 4 2 4 2 2 1 1 4 1 3 4 2 3 1 1 1 3 3 2 2 1 2 3 1 4 2 2 1 1 2 3 3 1 1 1 3 3 4 4 4 3 2 2 4 2 3 3 3 3 3 2 2 1 1 1 3 2 3 4 3 4 1 1 1 2 2 2 1 1 1 3 3 3 4 2 1 4 1 4 2 3 2 2 1 3 2 3 1 3 4 4 2 3 4 1 4 4 4 2 2 1 1 2 2 3 2 3 3 2 3 2 3 1 2 4 2 4 2 2 2 3 1 4 1 2 4 4 4 3 4 1 1 3 3 2 3 1 3 1 4 4 2 4 4 3 3 2 1 2 1 1 2 2 1 2 3 4 4 1 1 3 1 4 2 3 4 2 4 2 4 1 2 1 2 3 3 2 2 3 1 1 2 4 1 4 1 2 2 3 1 1 3 3 4 2 1 1 3 2 3 2 1 2 4 3 2 1 2 2 3 4 4 3 1 3 3 4 4 2 1 1 3 3 2 1 1
Roll 4 8 or 20 sided dice? -1 to quit > -1

C:\Users\langu\source\repos\CPP Classes\x64\Debug\Assignment.exe (process 20596) exited with code 0 (0x0).
To automatically close the console when debugging stops, enable Tools->Options->Debugging->Automatically close the console when debugging stops.
Press any key to close this window . . .